40.453115 -3.688327
40.524724 -3.8161535
40.4777945 -3.7035075
40.319903499999995 -3.893226
40.4777945 -3.7035075
40.319903499999995 -3.893226
40.4777945 -3.7035075
40.319903499999995 -3.893226
40.524724 -3.8161535
40.4777945 -3.7035075
40.4777945 -3.7035075
40.4777945 -3.7035075
39.984963 -4.2841629999999995
40.524749 -3.891385
40.4777945 -3.7035075
40.328899 -3.7695875
40.4777945 -3.7035075
40.438618 -3.71835
40.4777945 -3.7035075
40.524724 -3.8161535
40.3005505 -3.665667
40.147808 -3.9810335
40.524724 -3.8161535
40.319903499999995 -3.893226
40.4777945 -3.7035075
40.524724 -3.8161535
40.319903499999995 -3.893226
40.4777945 -3.7035075
40.4777945 -3.7035075
40.4777945 -3.7035075
40.4777945 -3.7035075
40.4777945 -3.7035075
40.4777945 -3.7035075
40.4777945 -3.7035075
40.4777945 -3.7035075
40.4777945 -3.7035075
40.4777945 -3.7035075
40.319903499999995 -3.893226
40.4777945 -3.7035075
40.319903499999995 -3.893226
40.4777945 -3.7035075
40.328899 -3.7695875
40.3005505 -3.665667
40.4777945 -3.7035075
40.4777945 -3.7035075
40.4777945 -3.7035075
40.6136365 -3.283706
40.4777945 -3.7035075
40.4777945 -3.7035075
40.4777945 -3.7035075
40.2887025 -3.7918639999999995
40.4777945 -3.7035075
40.4777945 -3.7035075
40.4777945 -3.7035075
40.4777945 -3.7035075
40.4777945 -3.7035075
40.4777945 -3.7035075
40.319903499999995 -3.893226
40.578169 -4.096472
40.4462525 -3.9899359999999997
40.4777945 -3.7035075
40.328899 -3.7695875
40.4777945 -3.7035075
40.4278585 -3.7180445
40.524724 -3.8161535
40.4777945 -3.7035075
40.496023 -3.3656230000000003
40.4777945 -3.7035075
40.658362 -4.0214725
40.4777945 -3.7035075
40.4462525 -3.9899359999999997
40.4777945 -3.7035075
40.4777945 -3.7035075
40.5570395 -3.263531
39.964400499999996 -3.5085145
40.6137885 -3.7391049999999995
40.4777945 -3.7035075
40.4777945 -3.7035075
40.4777945 -3.7035075
40.319903499999995 -3.893226
40.4777945 -3.7035075
40.4777945 -3.7035075
40.319903499999995 -3.893226
40.4777945 -3.7035075
40.470688499999994 -3.461792
40.4777945 -3.7035075
40.4777945 -3.7035075
40.4777945 -3.7035075
40.4777945 -3.7035075
40.4777945 -3.7035075
40.4777945 -3.7035075
40.300152499999996 -3.444793
40.319903499999995 -3.893226
40.524724 -3.8161535
40.4777945 -3.7035075
40.4777945 -3.7035075
40.4777945 -3.7035075
40.4777945 -3.7035075
40.4777945 -3.7035075
40.4115515 -3.369497
40.524724 -3.8161535
40.4777945 -3.7035075
40.4777945 -3.7035075
40.3005505 -3.665667
40.524749 -3.891385
40.4777945 -3.7035075
40.4777945 -3.7035075
40.4777945 -3.7035075
40.4777945 -3.7035075
40.1809345 -3.654526
40.524724 -3.8161535
40.4777945 -3.7035075
40.319903499999995 -3.893226
40.416980499999994 -3.8953235
40.524724 -3.8161535
40.4777945 -3.7035075
40.319903499999995 -3.893226
40.4777945 -3.7035075
40.496023 -3.3656230000000003
40.4462525 -3.9899359999999997
40.4777945 -3.7035075
40.6619325 -3.723863
40.438618 -3.71835
40.4777945 -3.7035075
40.4777945 -3.7035075
40.522255 -3.5212065
40.2969425 -3.300522
40.3005505 -3.665667
40.4777945 -3.7035075
40.470688499999994 -3.461792
40.4777945 -3.7035075
40.431645 -3.69336
40.4777945 -3.7035075
40.524749 -3.891385
40.4777945 -3.7035075
40.437037 -3.638101
40.4777945 -3.7035075
40.4777945 -3.7035075
40.328899 -3.7695875
40.4777945 -3.7035075
40.4777945 -3.7035075
40.4777945 -3.7035075
40.4777945 -3.7035075
40.363479999999996 -3.8335989999999995
40.578169 -4.096472
40.4777945 -3.7035075
40.4777945 -3.7035075
40.524724 -3.8161535
40.522255 -3.5212065
40.4777945 -3.7035075
40.3005505 -3.665667
40.923925499999996 -4.0111905
40.4777945 -3.7035075
40.4777945 -3.7035075
40.4462525 -3.9899359999999997
40.0718385 -4.1791695
40.4777945 -3.7035075
40.4777945 -3.7035075
40.524724 -3.8161535
40.4777945 -3.7035075
40.4777945 -3.7035075
40.6137885 -3.7391049999999995
40.4777945 -3.7035075
40.4777945 -3.7035075
40.4777945 -3.7035075
40.4777945 -3.7035075
40.319903499999995 -3.893226
40.4777945 -3.7035075
40.4777945 -3.7035075
40.4777945 -3.7035075
40.4777945 -3.7035075
40.545096 -3.6258844999999997
40.4777945 -3.7035075
40.4777945 -3.7035075
40.470688499999994 -3.461792
40.911826500000004 -4.1946175
40.3005505 -3.665667
40.4777945 -3.7035075
40.4777945 -3.7035075
40.5570395 -3.263531
40.4777945 -3.7035075
40.4777945 -3.7035075
40.4777945 -3.7035075
40.4777945 -3.7035075
40.4777945 -3.7035075
40.524724 -3.8161535
40.4777945 -3.7035075
40.429126 -3.816975
40.4777945 -3.7035075
40.6137885 -3.7391049999999995
40.4777945 -3.7035075
40.4777945 -3.7035075
40.484177 -4.236561999999999
40.524749 -3.891385
40.4777945 -3.7035075
40.4777945 -3.7035075
40.749638000000004 -4.0054425
40.545096 -3.6258844999999997
40.4777945 -3.7035075
40.4777945 -3.7035075
40.3005505 -3.665667
40.524724 -3.8161535
40.524724 -3.8161535
40.524724 -3.8161535
40.545096 -3.6258844999999997
40.4777945 -3.7035075
40.545096 -3.6258844999999997
40.4777945 -3.7035075
40.4777945 -3.7035075
40.3005505 -3.665667
40.328899 -3.7695875
40.524724 -3.8161535
40.3005505 -3.665667
40.4777945 -3.7035075
40.469364 -3.639028
40.4777945 -3.7035075
40.581855000000004 -3.6058985
40.4777945 -3.7035075
40.4777945 -3.7035075
40.3005505 -3.665667
40.4777945 -3.7035075
40.4777945 -3.7035075
40.4777945 -3.7035075
40.417378 -3.695396
40.4777945 -3.7035075
40.524724 -3.8161535
40.4777945 -3.7035075
40.4777945 -3.7035075
40.545096 -3.6258844999999997
40.4777945 -3.7035075
40.4777945 -3.7035075
40.524724 -3.8161535
40.4777945 -3.7035075
40.4777945 -3.7035075
40.4777945 -3.7035075
40.2289985 -3.7704505
40.524724 -3.8161535
40.4777945 -3.7035075
40.4777945 -3.7035075
40.38765 -3.4087785
40.363479999999996 -3.8335989999999995
40.524724 -3.8161535
40.470688499999994 -3.461792
40.319903499999995 -3.893226
40.4777945 -3.7035075
40.524724 -3.8161535
40.6565935 -4.634938
40.524724 -3.8161535
40.73288 -3.892086
40.4777945 -3.7035075
40.6137885 -3.7391049999999995
40.4777945 -3.7035075
40.4777945 -3.7035075
40.4777945 -3.7035075
40.4777945 -3.7035075
40.4777945 -3.7035075
40.4777945 -3.7035075
40.4777945 -3.7035075
40.363479999999996 -3.8335989999999995
40.4777945 -3.7035075
40.4777945 -3.7035075
40.4777945 -3.7035075
40.4777945 -3.7035075
40.4777945 -3.7035075
40.4777945 -3.7035075
40.110284 -4.0475755
40.4777945 -3.7035075
40.4777945 -3.7035075
40.4777945 -3.7035075
40.4777945 -3.7035075
40.420167 -3.692161
40.4777945 -3.7035075
40.470688499999994 -3.461792
40.4777945 -3.7035075
40.417378 -3.695396
40.4777945 -3.7035075
40.4777945 -3.7035075
40.4777945 -3.7035075
40.4777945 -3.7035075
40.4777945 -3.7035075
40.4777945 -3.7035075
40.319903499999995 -3.893226
40.4777945 -3.7035075
40.4777945 -3.7035075
40.4462525 -3.9899359999999997
39.8678235 -3.9972135000000004
40.319903499999995 -3.893226
40.429126 -3.816975
40.524724 -3.8161535
40.4777945 -3.7035075
40.4777945 -3.7035075
40.5570395 -3.263531
40.2887025 -3.7918639999999995
40.4777945 -3.7035075
40.328899 -3.7695875
40.4777945 -3.7035075
40.6137885 -3.7391049999999995
40.4777945 -3.7035075
40.470688499999994 -3.461792
40.4777945 -3.7035075
40.3005505 -3.665667
40.4777945 -3.7035075
40.4777945 -3.7035075
40.4777945 -3.7035075
40.4777945 -3.7035075
40.429126 -3.816975
40.4777945 -3.7035075
40.4777945 -3.7035075
40.4777945 -3.7035075
40.428679 -3.5530885
40.3005505 -3.665667
40.4777945 -3.7035075
40.4777945 -3.7035075
40.524749 -3.891385
40.243565000000004 -3.5632045
40.4777945 -3.7035075
40.4777945 -3.7035075
40.4777945 -3.7035075
40.4777945 -3.7035075
40.4777945 -3.7035075
40.4777945 -3.7035075
40.4462525 -3.9899359999999997
40.4777945 -3.7035075
40.4777945 -3.7035075
40.4777945 -3.7035075
40.0778065 -3.2375225
40.4777945 -3.7035075
40.2331775 -3.9878080000000002
40.2887025 -3.7918639999999995
40.4777945 -3.7035075
40.4777945 -3.7035075
40.4777945 -3.7035075
40.4777945 -3.7035075
40.524724 -3.8161535
40.4777945 -3.7035075
40.4777945 -3.7035075
40.4777945 -3.7035075
40.4777945 -3.7035075
40.4777945 -3.7035075
40.4777945 -3.7035075
40.545096 -3.6258844999999997
40.524724 -3.8161535
40.4777945 -3.7035075
40.4777945 -3.7035075
40.4777945 -3.7035075
40.363479999999996 -3.8335989999999995
40.4777945 -3.7035075
40.4717445 -3.889634
40.4777945 -3.7035075
40.470688499999994 -3.461792
40.4777945 -3.7035075
40.4777945 -3.7035075
39.8678235 -3.9972135000000004
40.4777945 -3.7035075
40.4777945 -3.7035075
40.300152499999996 -3.444793
40.524724 -3.8161535
40.578169 -4.096472
40.6488355 -3.9887785
40.4777945 -3.7035075
40.4777945 -3.7035075
40.6153885 -3.1474595
40.4777945 -3.7035075
40.524724 -3.8161535
40.419969 -3.688724
40.4777945 -3.7035075
40.6137885 -3.7391049999999995
40.4777945 -3.7035075
40.6488355 -3.9887785
40.258204 -3.8912455
40.4777945 -3.7035075
40.496023 -3.3656230000000003
40.4777945 -3.7035075
40.419969 -3.688724
40.4777945 -3.7035075
40.3005505 -3.665667
40.4777945 -3.7035075
40.4777945 -3.7035075
40.4777945 -3.7035075
40.4777945 -3.7035075
40.4777945 -3.7035075
40.4777945 -3.7035075
40.4777945 -3.7035075
40.524724 -3.8161535
40.4777945 -3.7035075
40.524749 -3.891385
40.328899 -3.7695875
40.4777945 -3.7035075
40.4777945 -3.7035075
40.319903499999995 -3.893226
40.4777945 -3.7035075
40.4777945 -3.7035075
40.4777945 -3.7035075
40.419288 -3.695386
40.7305215 -3.427567
40.300738 -3.439064
40.462244 -3.616539
40.4777945 -3.7035075
40.429126 -3.816975
40.4777945 -3.7035075
40.4777945 -3.7035075
40.4777945 -3.7035075
40.4777945 -3.7035075
40.524724 -3.8161535
40.4777945 -3.7035075
40.363479999999996 -3.8335989999999995
40.524724 -3.8161535
40.496023 -3.3656230000000003
40.4777945 -3.7035075
40.5570395 -3.263531
40.319903499999995 -3.893226
40.578169 -4.096472
40.4777945 -3.7035075
40.4777945 -3.7035075
40.4777945 -3.7035075
40.4777945 -3.7035075
40.2805755 -3.9118665
40.4777945 -3.7035075
40.2805755 -3.9118665
40.4777945 -3.7035075
40.4777945 -3.7035075
40.4777945 -3.7035075
40.2887025 -3.7918639999999995
40.4777945 -3.7035075
40.524724 -3.8161535
40.4777945 -3.7035075
40.4777945 -3.7035075
40.4777945 -3.7035075
40.524749 -3.891385
40.4777945 -3.7035075
40.4777945 -3.7035075
40.4777945 -3.7035075
40.545096 -3.6258844999999997
40.4777945 -3.7035075
40.4777945 -3.7035075
40.4777945 -3.7035075
40.620351 -3.16187
40.4777945 -3.7035075
40.4777945 -3.7035075
40.4777945 -3.7035075
40.4777945 -3.7035075
40.328899 -3.7695875
40.4777945 -3.7035075
40.4777945 -3.7035075
40.4777945 -3.7035075
40.4777945 -3.7035075
40.4777945 -3.7035075
40.545096 -3.6258844999999997
40.4777945 -3.7035075
40.4777945 -3.7035075
40.470688499999994 -3.461792
40.4777945 -3.7035075
40.4777945 -3.7035075
40.4777945 -3.7035075
40.2460205 -3.684669
40.4777945 -3.7035075
40.4777945 -3.7035075
40.4777945 -3.7035075
40.4777945 -3.7035075
40.502464 -3.671333
40.4777945 -3.7035075
40.545096 -3.6258844999999997
40.524724 -3.8161535
40.4777945 -3.7035075
40.4777945 -3.7035075
40.4777945 -3.7035075
40.4777945 -3.7035075
40.4777945 -3.7035075
40.4777945 -3.7035075
40.4777945 -3.7035075
40.470688499999994 -3.461792
40.4777945 -3.7035075
40.152395 -3.6044695
40.6619325 -3.723863
40.319903499999995 -3.893226
40.4777945 -3.7035075
40.4777945 -3.7035075
40.4777945 -3.7035075
40.4777945 -3.7035075
40.4777945 -3.7035075
40.4777945 -3.7035075
40.4777945 -3.7035075
40.4777945 -3.7035075
40.4777945 -3.7035075
40.4777945 -3.7035075
40.328899 -3.7695875
40.4777945 -3.7035075
40.4777945 -3.7035075
40.4777945 -3.7035075
40.2289985 -3.7704505
40.524724 -3.8161535
40.462244 -3.616539
40.2887025 -3.7918639999999995
40.4777945 -3.7035075
40.300152499999996 -3.444793
40.545096 -3.6258844999999997
40.4777945 -3.7035075
40.4777945 -3.7035075
40.2887025 -3.7918639999999995
40.4777945 -3.7035075
40.4777945 -3.7035075
40.4777945 -3.7035075
40.4777945 -3.7035075
40.4777945 -3.7035075
40.4777945 -3.7035075
40.431046 -3.722008
40.4777945 -3.7035075
40.4777945 -3.7035075
40.4777945 -3.7035075
40.4777945 -3.7035075
40.4777945 -3.7035075
40.4777945 -3.7035075
40.545096 -3.6258844999999997
40.4777945 -3.7035075
40.4777945 -3.7035075
40.4777945 -3.7035075
40.524724 -3.8161535
40.4777945 -3.7035075
40.4777945 -3.7035075
40.524724 -3.8161535
40.319903499999995 -3.893226
40.4777945 -3.7035075
40.4777945 -3.7035075
40.4777945 -3.7035075
40.4777945 -3.7035075
40.328899 -3.7695875
40.4777945 -3.7035075
40.4777945 -3.7035075
40.4717445 -3.889634
40.4777945 -3.7035075
40.4777945 -3.7035075
40.3005505 -3.665667
40.4777945 -3.7035075
40.524724 -3.8161535
40.363479999999996 -3.8335989999999995
40.4777945 -3.7035075
40.4777945 -3.7035075
40.4777945 -3.7035075
